20110125_RW10890_pal-1_L3	001	0	0
20110125_RW10890_pal-1_L3	002	91	91
20110125_RW10890_pal-1_L3	003	181	90
20110125_RW10890_pal-1_L3	004	271	90
20110125_RW10890_pal-1_L3	005	362	91
20110125_RW10890_pal-1_L3	006	453	91
20110125_RW10890_pal-1_L3	007	543	90
20110125_RW10890_pal-1_L3	008	634	91
20110125_RW10890_pal-1_L3	009	726	92
20110125_RW10890_pal-1_L3	010	816	90
20110125_RW10890_pal-1_L3	011	906	90
20110125_RW10890_pal-1_L3	012	997	91
20110125_RW10890_pal-1_L3	013	1089	92
20110125_RW10890_pal-1_L3	014	1179	90
20110125_RW10890_pal-1_L3	015	1270	91
20110125_RW10890_pal-1_L3	016	1362	92
20110125_RW10890_pal-1_L3	017	1453	91
20110125_RW10890_pal-1_L3	018	1543	90
20110125_RW10890_pal-1_L3	019	1634	91
20110125_RW10890_pal-1_L3	020	1724	90
20110125_RW10890_pal-1_L3	021	1819	95
20110125_RW10890_pal-1_L3	022	1910	91
20110125_RW10890_pal-1_L3	023	2000	90
20110125_RW10890_pal-1_L3	024	2090	90
20110125_RW10890_pal-1_L3	025	2181	91
20110125_RW10890_pal-1_L3	026	2271	90
20110125_RW10890_pal-1_L3	027	2361	90
20110125_RW10890_pal-1_L3	028	2455	94
20110125_RW10890_pal-1_L3	029	2546	91
20110125_RW10890_pal-1_L3	030	2639	93
20110125_RW10890_pal-1_L3	031	2733	94
20110125_RW10890_pal-1_L3	032	2823	90
20110125_RW10890_pal-1_L3	033	2914	91
20110125_RW10890_pal-1_L3	034	3005	91
20110125_RW10890_pal-1_L3	035	3095	90
20110125_RW10890_pal-1_L3	036	3185	90
20110125_RW10890_pal-1_L3	037	3279	94
20110125_RW10890_pal-1_L3	038	3370	91
20110125_RW10890_pal-1_L3	039	3460	90
20110125_RW10890_pal-1_L3	040	3551	91
20110125_RW10890_pal-1_L3	041	3641	90
20110125_RW10890_pal-1_L3	042	3735	94
20110125_RW10890_pal-1_L3	043	3825	90
20110125_RW10890_pal-1_L3	044	3915	90
20110125_RW10890_pal-1_L3	045	4006	91
20110125_RW10890_pal-1_L3	046	4099	93
20110125_RW10890_pal-1_L3	047	4191	92
20110125_RW10890_pal-1_L3	048	4282	91
20110125_RW10890_pal-1_L3	049	4372	90
20110125_RW10890_pal-1_L3	050	4464	92
20110125_RW10890_pal-1_L3	051	4555	91
20110125_RW10890_pal-1_L3	052	4650	95
20110125_RW10890_pal-1_L3	053	4741	91
20110125_RW10890_pal-1_L3	054	4833	92
20110125_RW10890_pal-1_L3	055	4924	91
20110125_RW10890_pal-1_L3	056	5015	91
20110125_RW10890_pal-1_L3	057	5107	92
20110125_RW10890_pal-1_L3	058	5198	91
20110125_RW10890_pal-1_L3	059	5288	90
20110125_RW10890_pal-1_L3	060	5379	91
20110125_RW10890_pal-1_L3	061	5469	90
20110125_RW10890_pal-1_L3	062	5557	88
20110125_RW10890_pal-1_L3	063	5645	88
20110125_RW10890_pal-1_L3	064	5732	87
20110125_RW10890_pal-1_L3	065	5823	91
20110125_RW10890_pal-1_L3	066	5911	88
20110125_RW10890_pal-1_L3	067	5999	88
20110125_RW10890_pal-1_L3	068	6087	88
20110125_RW10890_pal-1_L3	069	6175	88
20110125_RW10890_pal-1_L3	070	6263	88
20110125_RW10890_pal-1_L3	071	6350	87
20110125_RW10890_pal-1_L3	072	6439	89
20110125_RW10890_pal-1_L3	073	6527	88
20110125_RW10890_pal-1_L3	074	6614	87
20110125_RW10890_pal-1_L3	075	6702	88
20110125_RW10890_pal-1_L3	076	6790	88
20110125_RW10890_pal-1_L3	077	6878	88
20110125_RW10890_pal-1_L3	078	6966	88
20110125_RW10890_pal-1_L3	079	7053	87
20110125_RW10890_pal-1_L3	080	7140	87
20110125_RW10890_pal-1_L3	081	7231	91
20110125_RW10890_pal-1_L3	082	7319	88
20110125_RW10890_pal-1_L3	083	7407	88
20110125_RW10890_pal-1_L3	084	7495	88
20110125_RW10890_pal-1_L3	085	7583	88
20110125_RW10890_pal-1_L3	086	7671	88
20110125_RW10890_pal-1_L3	087	7759	88
20110125_RW10890_pal-1_L3	088	7847	88
20110125_RW10890_pal-1_L3	089	7935	88
20110125_RW10890_pal-1_L3	090	8023	88
20110125_RW10890_pal-1_L3	091	8110	87
20110125_RW10890_pal-1_L3	092	8198	88
20110125_RW10890_pal-1_L3	093	8287	89
20110125_RW10890_pal-1_L3	094	8375	88
20110125_RW10890_pal-1_L3	095	8464	89
20110125_RW10890_pal-1_L3	096	8552	88
20110125_RW10890_pal-1_L3	097	8640	88
20110125_RW10890_pal-1_L3	098	8728	88
20110125_RW10890_pal-1_L3	099	8816	88
20110125_RW10890_pal-1_L3	100	8905	89
20110125_RW10890_pal-1_L3	101	8994	89
20110125_RW10890_pal-1_L3	102	9081	87
20110125_RW10890_pal-1_L3	103	9169	88
20110125_RW10890_pal-1_L3	104	9257	88
20110125_RW10890_pal-1_L3	105	9345	88
20110125_RW10890_pal-1_L3	106	9433	88
20110125_RW10890_pal-1_L3	107	9521	88
20110125_RW10890_pal-1_L3	108	9609	88
20110125_RW10890_pal-1_L3	109	9697	88
20110125_RW10890_pal-1_L3	110	9785	88
20110125_RW10890_pal-1_L3	111	9873	88
20110125_RW10890_pal-1_L3	112	9961	88
20110125_RW10890_pal-1_L3	113	10049	88
20110125_RW10890_pal-1_L3	114	10138	89
20110125_RW10890_pal-1_L3	115	10226	88
20110125_RW10890_pal-1_L3	116	10314	88
20110125_RW10890_pal-1_L3	117	10402	88
20110125_RW10890_pal-1_L3	118	10490	88
20110125_RW10890_pal-1_L3	119	10578	88
20110125_RW10890_pal-1_L3	120	10666	88
20110125_RW10890_pal-1_L3	121	10755	89
20110125_RW10890_pal-1_L3	122	10845	90
20110125_RW10890_pal-1_L3	123	10935	90
20110125_RW10890_pal-1_L3	124	11025	90
20110125_RW10890_pal-1_L3	125	11115	90
20110125_RW10890_pal-1_L3	126	11205	90
20110125_RW10890_pal-1_L3	127	11294	89
20110125_RW10890_pal-1_L3	128	11384	90
20110125_RW10890_pal-1_L3	129	11474	90
20110125_RW10890_pal-1_L3	130	11564	90
20110125_RW10890_pal-1_L3	131	11654	90
20110125_RW10890_pal-1_L3	132	11744	90
20110125_RW10890_pal-1_L3	133	11834	90
20110125_RW10890_pal-1_L3	134	11924	90
20110125_RW10890_pal-1_L3	135	12014	90
20110125_RW10890_pal-1_L3	136	12104	90
20110125_RW10890_pal-1_L3	137	12194	90
20110125_RW10890_pal-1_L3	138	12284	90
20110125_RW10890_pal-1_L3	139	12374	90
20110125_RW10890_pal-1_L3	140	12464	90
20110125_RW10890_pal-1_L3	141	12554	90
20110125_RW10890_pal-1_L3	142	12644	90
20110125_RW10890_pal-1_L3	143	12734	90
20110125_RW10890_pal-1_L3	144	12823	89
20110125_RW10890_pal-1_L3	145	12913	90
20110125_RW10890_pal-1_L3	146	13003	90
20110125_RW10890_pal-1_L3	147	13093	90
20110125_RW10890_pal-1_L3	148	13183	90
20110125_RW10890_pal-1_L3	149	13273	90
20110125_RW10890_pal-1_L3	150	13363	90
20110125_RW10890_pal-1_L3	151	13454	91
20110125_RW10890_pal-1_L3	152	13545	91
20110125_RW10890_pal-1_L3	153	13633	88
20110125_RW10890_pal-1_L3	154	13723	90
20110125_RW10890_pal-1_L3	155	13815	92
20110125_RW10890_pal-1_L3	156	13905	90
20110125_RW10890_pal-1_L3	157	13995	90
20110125_RW10890_pal-1_L3	158	14085	90
20110125_RW10890_pal-1_L3	159	14175	90
20110125_RW10890_pal-1_L3	160	14265	90
20110125_RW10890_pal-1_L3	161	14355	90
20110125_RW10890_pal-1_L3	162	14445	90
20110125_RW10890_pal-1_L3	163	14535	90
20110125_RW10890_pal-1_L3	164	14626	91
20110125_RW10890_pal-1_L3	165	14716	90
20110125_RW10890_pal-1_L3	166	14806	90
20110125_RW10890_pal-1_L3	167	14896	90
20110125_RW10890_pal-1_L3	168	14986	90
20110125_RW10890_pal-1_L3	169	15076	90
20110125_RW10890_pal-1_L3	170	15166	90
20110125_RW10890_pal-1_L3	171	15256	90
20110125_RW10890_pal-1_L3	172	15347	91
20110125_RW10890_pal-1_L3	173	15437	90
20110125_RW10890_pal-1_L3	174	15527	90
20110125_RW10890_pal-1_L3	175	15617	90
20110125_RW10890_pal-1_L3	176	15707	90
20110125_RW10890_pal-1_L3	177	15798	91
20110125_RW10890_pal-1_L3	178	15888	90
20110125_RW10890_pal-1_L3	179	15979	91
20110125_RW10890_pal-1_L3	180	16069	90
20110125_RW10890_pal-1_L3	181	16159	90
20110125_RW10890_pal-1_L3	182	16249	90
20110125_RW10890_pal-1_L3	183	16340	91
20110125_RW10890_pal-1_L3	184	16430	90
20110125_RW10890_pal-1_L3	185	16521	91
20110125_RW10890_pal-1_L3	186	16612	91
20110125_RW10890_pal-1_L3	187	16702	90
20110125_RW10890_pal-1_L3	188	16792	90
20110125_RW10890_pal-1_L3	189	16882	90
20110125_RW10890_pal-1_L3	190	16972	90
20110125_RW10890_pal-1_L3	191	17063	91
20110125_RW10890_pal-1_L3	192	17153	90
20110125_RW10890_pal-1_L3	193	17243	90
20110125_RW10890_pal-1_L3	194	17334	91
20110125_RW10890_pal-1_L3	195	17424	90
20110125_RW10890_pal-1_L3	196	17514	90
20110125_RW10890_pal-1_L3	197	17604	90
20110125_RW10890_pal-1_L3	198	17695	91
20110125_RW10890_pal-1_L3	199	17786	91
20110125_RW10890_pal-1_L3	200	17877	91
20110125_RW10890_pal-1_L3	201	17965	88
20110125_RW10890_pal-1_L3	202	18056	91
20110125_RW10890_pal-1_L3	203	18146	90
20110125_RW10890_pal-1_L3	204	18236	90
20110125_RW10890_pal-1_L3	205	18327	91
20110125_RW10890_pal-1_L3	206	18417	90
20110125_RW10890_pal-1_L3	207	18508	91
20110125_RW10890_pal-1_L3	208	18598	90
20110125_RW10890_pal-1_L3	209	18689	91
20110125_RW10890_pal-1_L3	210	18779	90
20110125_RW10890_pal-1_L3	211	18869	90
20110125_RW10890_pal-1_L3	212	18960	91
20110125_RW10890_pal-1_L3	213	19050	90
20110125_RW10890_pal-1_L3	214	19140	90
20110125_RW10890_pal-1_L3	215	19231	91
20110125_RW10890_pal-1_L3	216	19321	90
20110125_RW10890_pal-1_L3	217	19411	90
20110125_RW10890_pal-1_L3	218	19502	91
20110125_RW10890_pal-1_L3	219	19593	91
20110125_RW10890_pal-1_L3	220	19683	90
20110125_RW10890_pal-1_L3	221	19773	90
20110125_RW10890_pal-1_L3	222	19864	91
20110125_RW10890_pal-1_L3	223	19954	90
20110125_RW10890_pal-1_L3	224	20045	91
20110125_RW10890_pal-1_L3	225	20136	91
20110125_RW10890_pal-1_L3	226	20227	91
20110125_RW10890_pal-1_L3	227	20318	91
20110125_RW10890_pal-1_L3	228	20407	89
20110125_RW10890_pal-1_L3	229	20496	89
20110125_RW10890_pal-1_L3	230	20588	92
20110125_RW10890_pal-1_L3	231	20680	92
20110125_RW10890_pal-1_L3	232	20771	91
20110125_RW10890_pal-1_L3	233	20861	90
20110125_RW10890_pal-1_L3	234	20952	91
20110125_RW10890_pal-1_L3	235	21042	90
20110125_RW10890_pal-1_L3	236	21133	91
20110125_RW10890_pal-1_L3	237	21223	90
20110125_RW10890_pal-1_L3	238	21313	90
20110125_RW10890_pal-1_L3	239	21404	91
20110125_RW10890_pal-1_L3	240	21495	91
20110125_RW10890_pal-1_L3	241	21586	91
20110125_RW10890_pal-1_L3	242	21676	90
20110125_RW10890_pal-1_L3	243	21767	91
20110125_RW10890_pal-1_L3	244	21857	90
20110125_RW10890_pal-1_L3	245	21948	91
20110125_RW10890_pal-1_L3	246	22039	91
20110125_RW10890_pal-1_L3	247	22130	91
20110125_RW10890_pal-1_L3	248	22220	90
20110125_RW10890_pal-1_L3	249	22311	91
20110125_RW10890_pal-1_L3	250	22402	91
20110125_RW10890_pal-1_L3	251	22493	91
20110125_RW10890_pal-1_L3	252	22584	91
20110125_RW10890_pal-1_L3	253	22674	90
20110125_RW10890_pal-1_L3	254	22765	91
20110125_RW10890_pal-1_L3	255	22856	91
20110125_RW10890_pal-1_L3	256	22947	91
20110125_RW10890_pal-1_L3	257	24743	1796
20110125_RW10890_pal-1_L3	258	26539	1796
20110125_RW10890_pal-1_L3	259	28335	1796
20110125_RW10890_pal-1_L3	260	30130	1795
20110125_RW10890_pal-1_L3	261	31925	1795
20110125_RW10890_pal-1_L3	262	33721	1796
20110125_RW10890_pal-1_L3	263	35516	1795
20110125_RW10890_pal-1_L3	264	35607	91
20110125_RW10890_pal-1_L3	265	37403	1796
20110125_RW10890_pal-1_L3	266	39199	1796
20110125_RW10890_pal-1_L3	267	40995	1796
20110125_RW10890_pal-1_L3	268	42791	1796
20110125_RW10890_pal-1_L3	269	44587	1796
20110125_RW10890_pal-1_L3	270	46382	1795
20110125_RW10890_pal-1_L3	271	48178	1796
