20110218_RW10890_pal-1_L1	001	0	0
20110218_RW10890_pal-1_L1	002	85	85
20110218_RW10890_pal-1_L1	003	170	85
20110218_RW10890_pal-1_L1	004	256	86
20110218_RW10890_pal-1_L1	005	341	85
20110218_RW10890_pal-1_L1	006	427	86
20110218_RW10890_pal-1_L1	007	512	85
20110218_RW10890_pal-1_L1	008	597	85
20110218_RW10890_pal-1_L1	009	682	85
20110218_RW10890_pal-1_L1	010	766	84
20110218_RW10890_pal-1_L1	011	851	85
20110218_RW10890_pal-1_L1	012	936	85
20110218_RW10890_pal-1_L1	013	1021	85
20110218_RW10890_pal-1_L1	014	1106	85
20110218_RW10890_pal-1_L1	015	1191	85
20110218_RW10890_pal-1_L1	016	1277	86
20110218_RW10890_pal-1_L1	017	1363	86
20110218_RW10890_pal-1_L1	018	1449	86
20110218_RW10890_pal-1_L1	019	1534	85
20110218_RW10890_pal-1_L1	020	1621	87
20110218_RW10890_pal-1_L1	021	1708	87
20110218_RW10890_pal-1_L1	022	1792	84
20110218_RW10890_pal-1_L1	023	1878	86
20110218_RW10890_pal-1_L1	024	1964	86
20110218_RW10890_pal-1_L1	025	2050	86
20110218_RW10890_pal-1_L1	026	2135	85
20110218_RW10890_pal-1_L1	027	2220	85
20110218_RW10890_pal-1_L1	028	2305	85
20110218_RW10890_pal-1_L1	029	2390	85
20110218_RW10890_pal-1_L1	030	2476	86
20110218_RW10890_pal-1_L1	031	2561	85
20110218_RW10890_pal-1_L1	032	2647	86
20110218_RW10890_pal-1_L1	033	2734	87
20110218_RW10890_pal-1_L1	034	2820	86
20110218_RW10890_pal-1_L1	035	2906	86
20110218_RW10890_pal-1_L1	036	2991	85
20110218_RW10890_pal-1_L1	037	3076	85
20110218_RW10890_pal-1_L1	038	3162	86
20110218_RW10890_pal-1_L1	039	3249	87
20110218_RW10890_pal-1_L1	040	3334	85
20110218_RW10890_pal-1_L1	041	3420	86
20110218_RW10890_pal-1_L1	042	3505	85
20110218_RW10890_pal-1_L1	043	3591	86
20110218_RW10890_pal-1_L1	044	3676	85
20110218_RW10890_pal-1_L1	045	3762	86
20110218_RW10890_pal-1_L1	046	3848	86
20110218_RW10890_pal-1_L1	047	3933	85
20110218_RW10890_pal-1_L1	048	4020	87
20110218_RW10890_pal-1_L1	049	4105	85
20110218_RW10890_pal-1_L1	050	4189	84
20110218_RW10890_pal-1_L1	051	4276	87
20110218_RW10890_pal-1_L1	052	4362	86
20110218_RW10890_pal-1_L1	053	4448	86
20110218_RW10890_pal-1_L1	054	4534	86
20110218_RW10890_pal-1_L1	055	4619	85
20110218_RW10890_pal-1_L1	056	4704	85
20110218_RW10890_pal-1_L1	057	4791	87
20110218_RW10890_pal-1_L1	058	4876	85
20110218_RW10890_pal-1_L1	059	4961	85
20110218_RW10890_pal-1_L1	060	5047	86
20110218_RW10890_pal-1_L1	061	5132	85
20110218_RW10890_pal-1_L1	062	5214	82
20110218_RW10890_pal-1_L1	063	5296	82
20110218_RW10890_pal-1_L1	064	5379	83
20110218_RW10890_pal-1_L1	065	5461	82
20110218_RW10890_pal-1_L1	066	5543	82
20110218_RW10890_pal-1_L1	067	5626	83
20110218_RW10890_pal-1_L1	068	5709	83
20110218_RW10890_pal-1_L1	069	5790	81
20110218_RW10890_pal-1_L1	070	5873	83
20110218_RW10890_pal-1_L1	071	5955	82
20110218_RW10890_pal-1_L1	072	6038	83
20110218_RW10890_pal-1_L1	073	6120	82
20110218_RW10890_pal-1_L1	074	6202	82
20110218_RW10890_pal-1_L1	075	6285	83
20110218_RW10890_pal-1_L1	076	6367	82
20110218_RW10890_pal-1_L1	077	6449	82
20110218_RW10890_pal-1_L1	078	6532	83
20110218_RW10890_pal-1_L1	079	6615	83
20110218_RW10890_pal-1_L1	080	6697	82
20110218_RW10890_pal-1_L1	081	6780	83
20110218_RW10890_pal-1_L1	082	6862	82
20110218_RW10890_pal-1_L1	083	6945	83
20110218_RW10890_pal-1_L1	084	7028	83
20110218_RW10890_pal-1_L1	085	7110	82
20110218_RW10890_pal-1_L1	086	7193	83
20110218_RW10890_pal-1_L1	087	7275	82
20110218_RW10890_pal-1_L1	088	7358	83
20110218_RW10890_pal-1_L1	089	7440	82
20110218_RW10890_pal-1_L1	090	7522	82
20110218_RW10890_pal-1_L1	091	7606	84
20110218_RW10890_pal-1_L1	092	7690	84
20110218_RW10890_pal-1_L1	093	7771	81
20110218_RW10890_pal-1_L1	094	7854	83
20110218_RW10890_pal-1_L1	095	7936	82
20110218_RW10890_pal-1_L1	096	8018	82
20110218_RW10890_pal-1_L1	097	8101	83
20110218_RW10890_pal-1_L1	098	8184	83
20110218_RW10890_pal-1_L1	099	8266	82
20110218_RW10890_pal-1_L1	100	8349	83
20110218_RW10890_pal-1_L1	101	8432	83
20110218_RW10890_pal-1_L1	102	8514	82
20110218_RW10890_pal-1_L1	103	8596	82
20110218_RW10890_pal-1_L1	104	8679	83
20110218_RW10890_pal-1_L1	105	8762	83
20110218_RW10890_pal-1_L1	106	8845	83
20110218_RW10890_pal-1_L1	107	8927	82
20110218_RW10890_pal-1_L1	108	9010	83
20110218_RW10890_pal-1_L1	109	9093	83
20110218_RW10890_pal-1_L1	110	9175	82
20110218_RW10890_pal-1_L1	111	9258	83
20110218_RW10890_pal-1_L1	112	9340	82
20110218_RW10890_pal-1_L1	113	9423	83
20110218_RW10890_pal-1_L1	114	9506	83
20110218_RW10890_pal-1_L1	115	9588	82
20110218_RW10890_pal-1_L1	116	9671	83
20110218_RW10890_pal-1_L1	117	9754	83
20110218_RW10890_pal-1_L1	118	9836	82
20110218_RW10890_pal-1_L1	119	9919	83
20110218_RW10890_pal-1_L1	120	10002	83
20110218_RW10890_pal-1_L1	121	10084	82
20110218_RW10890_pal-1_L1	122	10168	84
20110218_RW10890_pal-1_L1	123	10253	85
20110218_RW10890_pal-1_L1	124	10338	85
20110218_RW10890_pal-1_L1	125	10421	83
20110218_RW10890_pal-1_L1	126	10505	84
20110218_RW10890_pal-1_L1	127	10589	84
20110218_RW10890_pal-1_L1	128	10673	84
20110218_RW10890_pal-1_L1	129	10758	85
20110218_RW10890_pal-1_L1	130	10842	84
20110218_RW10890_pal-1_L1	131	10926	84
20110218_RW10890_pal-1_L1	132	11011	85
20110218_RW10890_pal-1_L1	133	11095	84
20110218_RW10890_pal-1_L1	134	11179	84
20110218_RW10890_pal-1_L1	135	11264	85
20110218_RW10890_pal-1_L1	136	11349	85
20110218_RW10890_pal-1_L1	137	11434	85
20110218_RW10890_pal-1_L1	138	11516	82
20110218_RW10890_pal-1_L1	139	11600	84
20110218_RW10890_pal-1_L1	140	11684	84
20110218_RW10890_pal-1_L1	141	11769	85
20110218_RW10890_pal-1_L1	142	11853	84
20110218_RW10890_pal-1_L1	143	11937	84
20110218_RW10890_pal-1_L1	144	12021	84
20110218_RW10890_pal-1_L1	145	12106	85
20110218_RW10890_pal-1_L1	146	12190	84
20110218_RW10890_pal-1_L1	147	12274	84
20110218_RW10890_pal-1_L1	148	12359	85
20110218_RW10890_pal-1_L1	149	12443	84
20110218_RW10890_pal-1_L1	150	12527	84
20110218_RW10890_pal-1_L1	151	12612	85
20110218_RW10890_pal-1_L1	152	12696	84
20110218_RW10890_pal-1_L1	153	12780	84
20110218_RW10890_pal-1_L1	154	12864	84
20110218_RW10890_pal-1_L1	155	12949	85
20110218_RW10890_pal-1_L1	156	13033	84
20110218_RW10890_pal-1_L1	157	13117	84
20110218_RW10890_pal-1_L1	158	13202	85
20110218_RW10890_pal-1_L1	159	13286	84
20110218_RW10890_pal-1_L1	160	13370	84
20110218_RW10890_pal-1_L1	161	13454	84
20110218_RW10890_pal-1_L1	162	13539	85
20110218_RW10890_pal-1_L1	163	13623	84
20110218_RW10890_pal-1_L1	164	13707	84
20110218_RW10890_pal-1_L1	165	13792	85
20110218_RW10890_pal-1_L1	166	13876	84
20110218_RW10890_pal-1_L1	167	13960	84
20110218_RW10890_pal-1_L1	168	14045	85
20110218_RW10890_pal-1_L1	169	14130	85
20110218_RW10890_pal-1_L1	170	14214	84
20110218_RW10890_pal-1_L1	171	14299	85
20110218_RW10890_pal-1_L1	172	14383	84
20110218_RW10890_pal-1_L1	173	14467	84
20110218_RW10890_pal-1_L1	174	14552	85
20110218_RW10890_pal-1_L1	175	14636	84
20110218_RW10890_pal-1_L1	176	14721	85
20110218_RW10890_pal-1_L1	177	14805	84
20110218_RW10890_pal-1_L1	178	14889	84
20110218_RW10890_pal-1_L1	179	14974	85
20110218_RW10890_pal-1_L1	180	15058	84
20110218_RW10890_pal-1_L1	181	15143	85
20110218_RW10890_pal-1_L1	182	15228	85
20110218_RW10890_pal-1_L1	183	15312	84
20110218_RW10890_pal-1_L1	184	15396	84
20110218_RW10890_pal-1_L1	185	15481	85
20110218_RW10890_pal-1_L1	186	15565	84
20110218_RW10890_pal-1_L1	187	15650	85
20110218_RW10890_pal-1_L1	188	15734	84
20110218_RW10890_pal-1_L1	189	15818	84
20110218_RW10890_pal-1_L1	190	15903	85
20110218_RW10890_pal-1_L1	191	15987	84
20110218_RW10890_pal-1_L1	192	16072	85
20110218_RW10890_pal-1_L1	193	16157	85
20110218_RW10890_pal-1_L1	194	16241	84
20110218_RW10890_pal-1_L1	195	16326	85
20110218_RW10890_pal-1_L1	196	16411	85
20110218_RW10890_pal-1_L1	197	16495	84
20110218_RW10890_pal-1_L1	198	16579	84
20110218_RW10890_pal-1_L1	199	16664	85
20110218_RW10890_pal-1_L1	200	16748	84
20110218_RW10890_pal-1_L1	201	16832	84
20110218_RW10890_pal-1_L1	202	16917	85
20110218_RW10890_pal-1_L1	203	17002	85
20110218_RW10890_pal-1_L1	204	17086	84
20110218_RW10890_pal-1_L1	205	17170	84
20110218_RW10890_pal-1_L1	206	17254	84
20110218_RW10890_pal-1_L1	207	17340	86
20110218_RW10890_pal-1_L1	208	17424	84
20110218_RW10890_pal-1_L1	209	17509	85
20110218_RW10890_pal-1_L1	210	17593	84
20110218_RW10890_pal-1_L1	211	17677	84
20110218_RW10890_pal-1_L1	212	17762	85
20110218_RW10890_pal-1_L1	213	17847	85
20110218_RW10890_pal-1_L1	214	17931	84
20110218_RW10890_pal-1_L1	215	18016	85
20110218_RW10890_pal-1_L1	216	18101	85
20110218_RW10890_pal-1_L1	217	18186	85
20110218_RW10890_pal-1_L1	218	18270	84
20110218_RW10890_pal-1_L1	219	18355	85
20110218_RW10890_pal-1_L1	220	18440	85
20110218_RW10890_pal-1_L1	221	18525	85
20110218_RW10890_pal-1_L1	222	18609	84
20110218_RW10890_pal-1_L1	223	18693	84
20110218_RW10890_pal-1_L1	224	18778	85
20110218_RW10890_pal-1_L1	225	18863	85
20110218_RW10890_pal-1_L1	226	18947	84
20110218_RW10890_pal-1_L1	227	19032	85
20110218_RW10890_pal-1_L1	228	19117	85
20110218_RW10890_pal-1_L1	229	19201	84
20110218_RW10890_pal-1_L1	230	19286	85
20110218_RW10890_pal-1_L1	231	19370	84
20110218_RW10890_pal-1_L1	232	19455	85
20110218_RW10890_pal-1_L1	233	19540	85
20110218_RW10890_pal-1_L1	234	19625	85
20110218_RW10890_pal-1_L1	235	19709	84
20110218_RW10890_pal-1_L1	236	19794	85
20110218_RW10890_pal-1_L1	237	19878	84
20110218_RW10890_pal-1_L1	238	19963	85
20110218_RW10890_pal-1_L1	239	20048	85
20110218_RW10890_pal-1_L1	240	20132	84
20110218_RW10890_pal-1_L1	241	20217	85
20110218_RW10890_pal-1_L1	242	22005	1788
20110218_RW10890_pal-1_L1	243	23793	1788
20110218_RW10890_pal-1_L1	244	25581	1788
20110218_RW10890_pal-1_L1	245	27369	1788
20110218_RW10890_pal-1_L1	246	29157	1788
20110218_RW10890_pal-1_L1	247	30944	1787
20110218_RW10890_pal-1_L1	248	32732	1788
20110218_RW10890_pal-1_L1	249	34520	1788
20110218_RW10890_pal-1_L1	250	36308	1788
20110218_RW10890_pal-1_L1	251	38096	1788
20110218_RW10890_pal-1_L1	252	39884	1788
20110218_RW10890_pal-1_L1	253	41671	1787
20110218_RW10890_pal-1_L1	254	43459	1788
20110218_RW10890_pal-1_L1	255	45247	1788
