20110421_RW10890_pal-1_L1	001	0	0
20110421_RW10890_pal-1_L1	002	91	91
20110421_RW10890_pal-1_L1	003	177	86
20110421_RW10890_pal-1_L1	004	264	87
20110421_RW10890_pal-1_L1	005	350	86
20110421_RW10890_pal-1_L1	006	446	96
20110421_RW10890_pal-1_L1	007	533	87
20110421_RW10890_pal-1_L1	008	619	86
20110421_RW10890_pal-1_L1	009	706	87
20110421_RW10890_pal-1_L1	010	792	86
20110421_RW10890_pal-1_L1	011	888	96
20110421_RW10890_pal-1_L1	012	975	87
20110421_RW10890_pal-1_L1	013	1061	86
20110421_RW10890_pal-1_L1	014	1148	87
20110421_RW10890_pal-1_L1	015	1234	86
20110421_RW10890_pal-1_L1	016	1330	96
20110421_RW10890_pal-1_L1	017	1417	87
20110421_RW10890_pal-1_L1	018	1503	86
20110421_RW10890_pal-1_L1	019	1590	87
20110421_RW10890_pal-1_L1	020	1676	86
20110421_RW10890_pal-1_L1	021	1772	96
20110421_RW10890_pal-1_L1	022	1859	87
20110421_RW10890_pal-1_L1	023	1945	86
20110421_RW10890_pal-1_L1	024	2032	87
20110421_RW10890_pal-1_L1	025	2123	91
20110421_RW10890_pal-1_L1	026	2219	96
20110421_RW10890_pal-1_L1	027	2310	91
20110421_RW10890_pal-1_L1	028	2396	86
20110421_RW10890_pal-1_L1	029	2482	86
20110421_RW10890_pal-1_L1	030	2570	88
20110421_RW10890_pal-1_L1	031	2665	95
20110421_RW10890_pal-1_L1	032	2760	95
20110421_RW10890_pal-1_L1	033	2839	79
20110421_RW10890_pal-1_L1	034	2925	86
20110421_RW10890_pal-1_L1	035	3012	87
20110421_RW10890_pal-1_L1	036	3107	95
20110421_RW10890_pal-1_L1	037	3194	87
20110421_RW10890_pal-1_L1	038	3280	86
20110421_RW10890_pal-1_L1	039	3366	86
20110421_RW10890_pal-1_L1	040	3453	87
20110421_RW10890_pal-1_L1	041	3549	96
20110421_RW10890_pal-1_L1	042	3636	87
20110421_RW10890_pal-1_L1	043	3727	91
20110421_RW10890_pal-1_L1	044	3814	87
20110421_RW10890_pal-1_L1	045	3900	86
20110421_RW10890_pal-1_L1	046	3996	96
20110421_RW10890_pal-1_L1	047	4082	86
20110421_RW10890_pal-1_L1	048	4168	86
20110421_RW10890_pal-1_L1	049	4255	87
20110421_RW10890_pal-1_L1	050	4342	87
20110421_RW10890_pal-1_L1	051	4442	100
20110421_RW10890_pal-1_L1	052	4533	91
20110421_RW10890_pal-1_L1	053	4625	92
20110421_RW10890_pal-1_L1	054	4711	86
20110421_RW10890_pal-1_L1	055	4802	91
20110421_RW10890_pal-1_L1	056	4898	96
20110421_RW10890_pal-1_L1	057	4990	92
20110421_RW10890_pal-1_L1	058	5076	86
20110421_RW10890_pal-1_L1	059	5163	87
20110421_RW10890_pal-1_L1	060	5249	86
20110421_RW10890_pal-1_L1	061	5344	95
20110421_RW10890_pal-1_L1	062	5422	78
20110421_RW10890_pal-1_L1	063	5499	77
20110421_RW10890_pal-1_L1	064	5576	77
20110421_RW10890_pal-1_L1	065	5654	78
20110421_RW10890_pal-1_L1	066	5740	86
20110421_RW10890_pal-1_L1	067	5818	78
20110421_RW10890_pal-1_L1	068	5895	77
20110421_RW10890_pal-1_L1	069	5973	78
20110421_RW10890_pal-1_L1	070	6050	77
20110421_RW10890_pal-1_L1	071	6137	87
20110421_RW10890_pal-1_L1	072	6214	77
20110421_RW10890_pal-1_L1	073	6292	78
20110421_RW10890_pal-1_L1	074	6369	77
20110421_RW10890_pal-1_L1	075	6446	77
20110421_RW10890_pal-1_L1	076	6533	87
20110421_RW10890_pal-1_L1	077	6611	78
20110421_RW10890_pal-1_L1	078	6688	77
20110421_RW10890_pal-1_L1	079	6766	78
20110421_RW10890_pal-1_L1	080	6843	77
20110421_RW10890_pal-1_L1	081	6930	87
20110421_RW10890_pal-1_L1	082	7007	77
20110421_RW10890_pal-1_L1	083	7085	78
20110421_RW10890_pal-1_L1	084	7162	77
20110421_RW10890_pal-1_L1	085	7240	78
20110421_RW10890_pal-1_L1	086	7327	87
20110421_RW10890_pal-1_L1	087	7404	77
20110421_RW10890_pal-1_L1	088	7481	77
20110421_RW10890_pal-1_L1	089	7559	78
20110421_RW10890_pal-1_L1	090	7637	78
20110421_RW10890_pal-1_L1	091	7723	86
20110421_RW10890_pal-1_L1	092	7801	78
20110421_RW10890_pal-1_L1	093	7878	77
20110421_RW10890_pal-1_L1	094	7956	78
20110421_RW10890_pal-1_L1	095	8033	77
20110421_RW10890_pal-1_L1	096	8120	87
20110421_RW10890_pal-1_L1	097	8197	77
20110421_RW10890_pal-1_L1	098	8275	78
20110421_RW10890_pal-1_L1	099	8353	78
20110421_RW10890_pal-1_L1	100	8430	77
20110421_RW10890_pal-1_L1	101	8517	87
20110421_RW10890_pal-1_L1	102	8594	77
20110421_RW10890_pal-1_L1	103	8672	78
20110421_RW10890_pal-1_L1	104	8749	77
20110421_RW10890_pal-1_L1	105	8827	78
20110421_RW10890_pal-1_L1	106	8913	86
20110421_RW10890_pal-1_L1	107	8991	78
20110421_RW10890_pal-1_L1	108	9068	77
20110421_RW10890_pal-1_L1	109	9146	78
20110421_RW10890_pal-1_L1	110	9223	77
20110421_RW10890_pal-1_L1	111	9310	87
20110421_RW10890_pal-1_L1	112	9387	77
20110421_RW10890_pal-1_L1	113	9464	77
20110421_RW10890_pal-1_L1	114	9542	78
20110421_RW10890_pal-1_L1	115	9619	77
20110421_RW10890_pal-1_L1	116	9696	77
20110421_RW10890_pal-1_L1	117	9783	87
20110421_RW10890_pal-1_L1	118	9861	78
20110421_RW10890_pal-1_L1	119	9938	77
20110421_RW10890_pal-1_L1	120	10016	78
20110421_RW10890_pal-1_L1	121	10102	86
20110421_RW10890_pal-1_L1	122	10180	78
20110421_RW10890_pal-1_L1	123	10258	78
20110421_RW10890_pal-1_L1	124	10337	79
20110421_RW10890_pal-1_L1	125	10415	78
20110421_RW10890_pal-1_L1	126	10502	87
20110421_RW10890_pal-1_L1	127	10580	78
20110421_RW10890_pal-1_L1	128	10659	79
20110421_RW10890_pal-1_L1	129	10737	78
20110421_RW10890_pal-1_L1	130	10815	78
20110421_RW10890_pal-1_L1	131	10893	78
20110421_RW10890_pal-1_L1	132	10981	88
20110421_RW10890_pal-1_L1	133	11059	78
20110421_RW10890_pal-1_L1	134	11137	78
20110421_RW10890_pal-1_L1	135	11215	78
20110421_RW10890_pal-1_L1	136	11303	88
20110421_RW10890_pal-1_L1	137	11382	79
20110421_RW10890_pal-1_L1	138	11460	78
20110421_RW10890_pal-1_L1	139	11538	78
20110421_RW10890_pal-1_L1	140	11617	79
20110421_RW10890_pal-1_L1	141	11704	87
20110421_RW10890_pal-1_L1	142	11782	78
20110421_RW10890_pal-1_L1	143	11860	78
20110421_RW10890_pal-1_L1	144	11939	79
20110421_RW10890_pal-1_L1	145	12017	78
20110421_RW10890_pal-1_L1	146	12104	87
20110421_RW10890_pal-1_L1	147	12183	79
20110421_RW10890_pal-1_L1	148	12261	78
20110421_RW10890_pal-1_L1	149	12339	78
20110421_RW10890_pal-1_L1	150	12417	78
20110421_RW10890_pal-1_L1	151	12505	88
20110421_RW10890_pal-1_L1	152	12583	78
20110421_RW10890_pal-1_L1	153	12662	79
20110421_RW10890_pal-1_L1	154	12741	79
20110421_RW10890_pal-1_L1	155	12818	77
20110421_RW10890_pal-1_L1	156	12906	88
20110421_RW10890_pal-1_L1	157	12984	78
20110421_RW10890_pal-1_L1	158	13062	78
20110421_RW10890_pal-1_L1	159	13141	79
20110421_RW10890_pal-1_L1	160	13219	78
20110421_RW10890_pal-1_L1	161	13307	88
20110421_RW10890_pal-1_L1	162	13385	78
20110421_RW10890_pal-1_L1	163	13463	78
20110421_RW10890_pal-1_L1	164	13542	79
20110421_RW10890_pal-1_L1	165	13620	78
20110421_RW10890_pal-1_L1	166	13707	87
20110421_RW10890_pal-1_L1	167	13786	79
20110421_RW10890_pal-1_L1	168	13864	78
20110421_RW10890_pal-1_L1	169	13942	78
20110421_RW10890_pal-1_L1	170	14021	79
20110421_RW10890_pal-1_L1	171	14108	87
20110421_RW10890_pal-1_L1	172	14195	87
20110421_RW10890_pal-1_L1	173	14265	70
20110421_RW10890_pal-1_L1	174	14343	78
20110421_RW10890_pal-1_L1	175	14422	79
20110421_RW10890_pal-1_L1	176	14509	87
20110421_RW10890_pal-1_L1	177	14587	78
20110421_RW10890_pal-1_L1	178	14666	79
20110421_RW10890_pal-1_L1	179	14744	78
20110421_RW10890_pal-1_L1	180	14822	78
20110421_RW10890_pal-1_L1	181	14900	78
20110421_RW10890_pal-1_L1	182	14988	88
20110421_RW10890_pal-1_L1	183	15067	79
20110421_RW10890_pal-1_L1	184	15145	78
20110421_RW10890_pal-1_L1	185	15223	78
20110421_RW10890_pal-1_L1	186	15301	78
20110421_RW10890_pal-1_L1	187	15389	88
20110421_RW10890_pal-1_L1	188	15477	88
20110421_RW10890_pal-1_L1	189	15546	69
20110421_RW10890_pal-1_L1	190	15624	78
20110421_RW10890_pal-1_L1	191	15711	87
20110421_RW10890_pal-1_L1	192	15790	79
20110421_RW10890_pal-1_L1	193	15868	78
20110421_RW10890_pal-1_L1	194	15946	78
20110421_RW10890_pal-1_L1	195	16025	79
20110421_RW10890_pal-1_L1	196	16112	87
20110421_RW10890_pal-1_L1	197	16190	78
20110421_RW10890_pal-1_L1	198	16269	79
20110421_RW10890_pal-1_L1	199	16347	78
20110421_RW10890_pal-1_L1	200	16425	78
20110421_RW10890_pal-1_L1	201	16513	88
20110421_RW10890_pal-1_L1	202	16601	88
20110421_RW10890_pal-1_L1	203	16689	88
20110421_RW10890_pal-1_L1	204	16748	59
20110421_RW10890_pal-1_L1	205	16826	78
20110421_RW10890_pal-1_L1	206	16914	88
20110421_RW10890_pal-1_L1	207	16992	78
20110421_RW10890_pal-1_L1	208	17070	78
20110421_RW10890_pal-1_L1	209	17149	79
20110421_RW10890_pal-1_L1	210	17227	78
20110421_RW10890_pal-1_L1	211	17315	88
20110421_RW10890_pal-1_L1	212	17393	78
20110421_RW10890_pal-1_L1	213	17471	78
20110421_RW10890_pal-1_L1	214	17550	79
20110421_RW10890_pal-1_L1	215	17628	78
20110421_RW10890_pal-1_L1	216	17715	87
20110421_RW10890_pal-1_L1	217	17794	79
20110421_RW10890_pal-1_L1	218	17872	78
20110421_RW10890_pal-1_L1	219	17951	79
20110421_RW10890_pal-1_L1	220	18029	78
20110421_RW10890_pal-1_L1	221	18117	88
20110421_RW10890_pal-1_L1	222	18195	78
20110421_RW10890_pal-1_L1	223	18273	78
20110421_RW10890_pal-1_L1	224	18352	79
20110421_RW10890_pal-1_L1	225	18430	78
20110421_RW10890_pal-1_L1	226	18518	88
20110421_RW10890_pal-1_L1	227	18596	78
20110421_RW10890_pal-1_L1	228	18674	78
20110421_RW10890_pal-1_L1	229	18752	78
20110421_RW10890_pal-1_L1	230	18831	79
20110421_RW10890_pal-1_L1	231	18918	87
20110421_RW10890_pal-1_L1	232	18997	79
20110421_RW10890_pal-1_L1	233	19075	78
20110421_RW10890_pal-1_L1	234	19153	78
20110421_RW10890_pal-1_L1	235	19232	79
20110421_RW10890_pal-1_L1	236	19320	88
20110421_RW10890_pal-1_L1	237	19398	78
20110421_RW10890_pal-1_L1	238	19476	78
20110421_RW10890_pal-1_L1	239	19555	79
20110421_RW10890_pal-1_L1	240	19633	78
20110421_RW10890_pal-1_L1	241	19721	88
20110421_RW10890_pal-1_L1	242	23399	3678
20110421_RW10890_pal-1_L1	243	27076	3677
20110421_RW10890_pal-1_L1	244	30753	3677
20110421_RW10890_pal-1_L1	245	34432	3679
20110421_RW10890_pal-1_L1	246	38110	3678
20110421_RW10890_pal-1_L1	247	41788	3678
20110421_RW10890_pal-1_L1	248	45466	3678
